Y: 3.600000000000e+02
S: 9.200000000000e+02
D: 2.200000000000e+00
