Y: 3.299915592528e+02
S: 9.721817251669e+02
D: 2.574102527400e+00
